#Win Corr
2074 nan
2074 nan
2074 nan
2074 nan
2074 nan
2074 nan
2074 nan
2074 nan
2074 nan
2074 nan
2074 nan
2074 nan
2074 nan
2074 nan
2074 nan
2074 nan
2074 nan
2074 nan
2074 nan
2074 nan
2074 nan
2074 nan
2074 nan
2074 nan
2074 nan
2074 nan
2074 nan
2074 nan
2074 nan
2074 nan
2074 nan
2074 nan
2074 nan
2074 nan
2074 nan
2074 nan
2074 nan
2074 nan
2074 -0.280599
2074 -0.330254
2074 -0.314583
2074 -0.356160
2074 -0.354871
2074 -0.368108
2074 -0.383690
2074 -0.360622
2074 -0.332040
2074 -0.380305
2074 -0.371869
2074 -0.391722
2074 -0.354996
2074 -0.360184
2074 -0.379900
2074 -0.371498
2074 -0.393521
2074 -0.355447
2074 -0.406645
2074 -0.362345
2074 -0.381948
2074 -0.396742
2074 -0.382869
2074 -0.397019
2074 -0.378985
2074 -0.385224
2074 -0.359665
2074 0.314972
2074 -0.361841
2074 0.302262
2074 -0.365776
2074 0.293476
2074 -0.387664
2074 -0.362909
2074 -0.399012
2074 0.304541
2074 0.307219
2074 -0.360456
2074 0.320278
2074 -0.397095
2074 -0.397557
2074 -0.368824
2074 -0.357271
2074 0.290522
2074 0.308485
2074 -0.395089
2074 0.292295
2074 -0.334939
2074 -0.355081
2074 0.291597
2074 -0.357043
2074 0.260259
2074 0.259331
2074 0.329730
2074 -0.367923
2074 -0.362919
2074 0.303182
2074 0.313891
2074 -0.342982
2074 -0.394379
2074 0.307152
2074 -0.347255
2074 -0.350390
2074 -0.374033
2074 -0.394907
2074 -0.360906
2074 -0.343276
2074 0.322410
2074 0.312738
2074 -0.409670
2074 0.278999
2074 -0.334716
2074 -0.347025
2074 nan
2074 -0.340970
2074 0.235630
2074 0.227211
2074 nan
2074 -0.305597
2074 nan
2074 0.225924
2074 0.217112
2074 nan
2074 -0.318133
2074 0.236874
2074 -0.314529
2074 -0.322746
2074 -0.300655
2074 -0.290563
2074 -0.401698
2074 -0.390723
2074 0.313895
2074 0.309966
2074 -0.363308
2074 0.310063
2074 0.313800
2074 0.306867
2074 0.315424
2074 -0.398640
2074 0.332734
2074 0.330802
2074 -0.389218
2074 0.323009
2074 0.310550
2074 0.302756
2074 -0.374955
2074 -0.329771
2074 0.287342
2074 0.265666
2074 -0.360867
2074 0.249116
2074 0.252036
2074 -0.315053
2074 -0.385665
2074 -0.383769
2074 0.311509
2074 0.296054
2074 0.335177
2074 0.327801
2074 -0.385862
2074 -0.361017
2074 0.284122
2074 -0.391233
2074 -0.315064
2074 0.232167
2074 -0.341368
2074 -0.290818
2074 -0.317132
2074 -0.295544
2074 -0.333348
2074 -0.322259
2074 0.278063
2074 0.313331
2074 -0.381363
2074 -0.344898
2074 -0.337607
2074 -0.318424
2074 0.253158
2074 -0.377216
2074 -0.374929
2074 0.284721
2074 -0.331346
2074 -0.322602
2074 -0.329098
2074 -0.416220
2074 -0.358225
2074 -0.352062
2074 0.253666
2074 0.269673
2074 0.263783
2074 -0.380333
2074 0.331838
2074 0.312206
2074 0.264669
2074 -0.349170
2074 0.289827
2074 0.270613
2074 -0.336606
2074 -0.356384
2074 -0.370794
2074 -0.353978
2074 0.303323
2074 -0.383946
2074 0.277311
2074 0.241703
2074 0.271787
2074 -0.307249
2074 0.313247
2074 -0.306202
2074 -0.350243
2074 -0.363534
2074 0.264282
2074 0.311097
2074 -0.302223
2074 -0.366916
2074 0.258320
2074 -0.382001
2074 0.313250
2074 -0.368390
2074 0.332592
2074 0.315469
2074 0.317965
2074 -0.388655
2074 -0.394961
2074 0.348021
2074 -0.410964
2074 -0.400222
2074 0.364885
2074 0.286530
2074 -0.368273
2074 0.224874
2074 0.263471
2074 -0.360415
2074 0.299189
2074 -0.372583
2074 0.274436
2074 0.163789
2074 -0.334081
2074 -0.362281
2074 -0.355662
2074 -0.313671
2074 0.288650
2074 -0.298665
2074 0.302601
2074 0.322126
2074 0.314758
2074 -0.304535
2074 -0.355913
2074 0.340236
2074 -0.324669
2074 -0.399132
2074 0.286367
2074 0.308205
2074 -0.356092
2074 0.317573
2074 -0.350546
2074 0.332020
2074 0.335124
2074 -0.050423
2074 -0.032399
2074 -0.045073
2074 -0.072825
2074 -0.058972
2074 0.005986
2074 -0.022407
2074 -0.060137
2074 -0.020817
2074 -0.019825
2074 -0.011727
2074 -0.035270
2074 -0.007418
2074 -0.038059
2074 -0.085952
2074 -0.025676
2074 -0.032523
2074 -0.054242
2074 -0.033723
2074 -0.064610
2074 -0.032953
2074 -0.014495
2074 -0.056702
2074 -0.025807
2074 -0.054528
2074 -0.032509
2074 -0.013432
2074 -0.030981
2074 -0.028469
2074 -0.018406
2074 -0.019341
2074 -0.062493
2074 -0.028005
2074 -0.033739
2074 -0.036539
2074 0.000272
2074 0.006932
2074 -0.028730
2074 -0.028704
2074 -0.038937
2074 -0.052229
2074 -0.027774
2074 -0.098569
2074 -0.012979
2074 -0.051189
2074 -0.082337
2074 0.002234
2074 -0.010306
2074 -0.056241
2074 0.003236
2074 -0.036632
2074 -0.040805
2074 -0.053383
2074 -0.016603
2074 -0.006321
2074 -0.027002
2074 -0.042498
2074 -0.061972
2074 -0.036276
2074 -0.044494
2074 -0.025100
2074 -0.032976
2074 -0.082256
2074 -0.041481
2074 -0.087374
2074 -0.069683
2074 -0.061609
2074 -0.007796
2074 -0.020411
2074 -0.042707
2074 -0.075813
2074 -0.056138
2074 0.002278
2074 -0.017575
2074 -0.046307
2074 -0.034036
2074 -0.006941
2074 -0.075108
2074 0.007139
2074 -0.052792
2074 -0.064864
2074 -0.014633
2074 -0.049763
2074 -0.050311
2074 -0.050317
2074 -0.037361
2074 -0.028621
2074 -0.044337
2074 -0.035848
2074 0.001208
2074 -0.034611
2074 -0.042310
2074 -0.060682
2074 -0.033981
2074 0.005930
2074 -0.069461
2074 -0.041261
2074 -0.041075
2074 -0.031725
2074 -0.076786
2074 -0.039402
2074 -0.053448
2074 -0.025365
2074 -0.084774
2074 -0.027898
2074 -0.008284
2074 -0.039796
2074 -0.080001
2074 -0.018599
2074 -0.014283
2074 -0.033729
2074 -0.043855
2074 -0.046956
2074 -0.035714
2074 -0.039151
2074 -0.028663
2074 -0.062896
2074 -0.044686
2074 -0.017119
2074 -0.050370
2074 -0.045085
2074 -0.044396
2074 -0.047598
2074 -0.046045
2074 -0.078211
2074 -0.055532
2074 -0.041314
2074 -0.023601
2074 -0.041902
2074 -0.072222
2074 -0.066083
2074 -0.073911
2074 -0.015137
2074 0.000027
2074 -0.007139
2074 -0.064306
2074 -0.067953
2074 -0.005541
2074 -0.011689
2074 -0.027228
2074 -0.060969
2074 -0.037199
2074 -0.035240
2074 -0.033208
2074 -0.044170
2074 -0.055495
2074 -0.045917
2074 -0.050064
2074 -0.003481
2074 -0.050003
2074 -0.038096
2074 -0.050449
2074 -0.012255
2074 -0.062350
2074 -0.020410
2074 -0.050176
2074 -0.087916
2074 -0.001800
2074 -0.038969
2074 -0.049118
2074 -0.008561
2074 -0.009948
2074 -0.060274
2074 -0.028072
2074 -0.061417
2074 -0.034966
2074 -0.026082
2074 -0.069869
2074 0.002434
2074 -0.025177
2074 -0.039863
2074 -0.040123
2074 -0.036966
2074 -0.039996
2074 -0.041781
2074 -0.042361
2074 -0.043481
2074 -0.042906
2074 -0.042045
2074 -0.030127
2074 -0.037121
2074 -0.055411
2074 -0.072434
2074 -0.045482
2074 -0.050294
2074 -0.041720
2074 -0.044446
2074 -0.035988
2074 -0.056986
2074 -0.012400
2074 -0.028407
2074 -0.069500
2074 -0.072524
2074 -0.038676
2074 -0.029083
2074 -0.026166
2074 0.017873
2074 -0.069238
2074 -0.047689
2074 -0.083839
2074 -0.069741
2074 -0.062193
2074 -0.048015
2074 -0.058520
2074 -0.079771
2074 -0.055011
2074 -0.048596
2074 -0.007349
2074 -0.021819
2074 -0.077394
2074 -0.054844
2074 0.012492
2074 -0.022107
2074 -0.074319
2074 -0.034188
2074 -0.009427
2074 -0.050764
2074 -0.067397
2074 -0.012379
2074 -0.019947
2074 -0.072428
2074 -0.073217
2074 -0.016889
2074 -0.011452
2074 -0.062577
2074 -0.065845
2074 -0.012653
2074 -0.061687
2074 -0.027240
2074 -0.025907
2074 -0.056159
2074 -0.026066
2074 -0.052101
2074 0.007930
2074 -0.027739
2074 -0.027371
2074 -0.018742
2074 -0.028398
2074 -0.042341
2074 -0.015652
2074 -0.040009
2074 -0.041673
2074 -0.060693
2074 -0.029014
2074 -0.064157
2074 -0.032777
2074 -0.050044
2074 -0.037506
2074 -0.021116
2074 -0.010782
2074 -0.017876
2074 -0.015654
2074 -0.064319
2074 -0.023449
2074 -0.032524
2074 -0.037267
2074 -0.036568
2074 -0.064959
2074 -0.073309
2074 -0.052570
2074 -0.031971
2074 -0.051413
2074 -0.007580
2074 -0.040745
2074 -0.054419
2074 -0.030960
2074 -0.052615
2074 0.003171
2074 -0.008292
2074 -0.025333
2074 -0.021878
2074 -0.058393
2074 -0.026146
2074 0.012357
2074 -0.062511
2074 -0.042467
2074 -0.059647
2074 -0.036064
2074 -0.011818
2074 -0.063033
2074 -0.040901
2074 -0.036493
2074 -0.042059
2074 -0.014925
2074 -0.050521
2074 -0.029468
2074 -0.040806
2074 -0.048757
2074 -0.030552
2074 -0.026137
2074 -0.028618
2074 -0.035239
2074 -0.030648
2074 -0.035897
2074 -0.020874
2074 -0.026057
2074 -0.039048
2074 -0.076764
2074 -0.024833
2074 -0.083309
2074 -0.073415
2074 0.029715
2074 -0.042093
2074 -0.019015
2074 -0.010824
2074 -0.018224
2074 -0.014076
2074 -0.033341
2074 -0.069369
2074 -0.025133
2074 -0.027731
2074 -0.041665
2074 -0.058726
2074 -0.031365
2074 0.010458
2074 -0.037959
2074 -0.059045
2074 -0.039092
2074 -0.019195
2074 -0.051040
2074 -0.046144
2074 -0.014675
2074 -0.051410
2074 -0.107218
2074 -0.035932
2074 -0.040593
2074 -0.019784
2074 -0.037574
2074 -0.072149
2074 -0.106206
2074 -0.012380
2074 -0.006363
2074 -0.054336
2074 -0.076608
2074 -0.020952
2074 -0.040969
2074 -0.035030
2074 -0.041486
2074 -0.043402
2074 -0.082532
2074 -0.034681
2074 -0.029343
2074 -0.056456
2074 -0.034349
2074 -0.025741
2074 -0.058422
2074 -0.027820
2074 -0.027625
2074 -0.026002
2074 -0.083600
2074 -0.051532
2074 -0.026627
2074 -0.017553
2074 -0.074902
2074 -0.066379
2074 -0.025608
2074 -0.008397
2074 -0.024917
2074 -0.052254
2074 -0.043703
2074 -0.014688
2074 -0.027730
2074 -0.013005
2074 -0.092980
2074 -0.052750
2074 -0.040466
2074 -0.053295
2074 -0.039187
2074 0.011622
2074 -0.057868
2074 -0.037671
2074 -0.011484
2074 -0.057117
2074 -0.068235
2074 -0.040945
2074 -0.001425
2074 -0.091326
2074 -0.044111
2074 -0.012273
2074 -0.086253
2074 -0.040025
2074 0.002342
2074 -0.079239
2074 -0.027288
2074 -0.000287
2074 -0.073969
2074 -0.060501
2074 0.000434
2074 0.003298
2074 -0.052388
2074 -0.027726
2074 -0.037842
2074 -0.020506
2074 -0.071885
2074 -0.021176
2074 -0.027985
2074 -0.077688
2074 -0.020272
2074 -0.003391
2074 -0.037157
2074 -0.001600
2074 -0.062656
2074 -0.028377
2074 -0.070790
2074 -0.023112
2074 -0.042106
2074 -0.074210
2074 -0.016778
2074 -0.020548
2074 -0.055968
2074 -0.017490
2074 -0.014879
2074 -0.028626
2074 -0.014709
2074 -0.022687
2074 -0.024944
2074 -0.092964
2074 -0.071281
2074 -0.030560
2074 -0.018392
2074 -0.031001
2074 -0.032463
2074 -0.025721
2074 -0.011311
2074 -0.051563
2074 -0.016182
2074 -0.083587
2074 -0.000611
2074 -0.014548
2074 -0.039232
2074 -0.042979
2074 -0.045070
2074 -0.029890
2074 -0.056823
2074 -0.012656
2074 -0.095487
2074 -0.058613
2074 -0.000026
2074 -0.027575
2074 -0.058293
2074 -0.043683
2074 0.009679
2074 -0.075192
2074 -0.039169
2074 -0.071373
2074 -0.024843
2074 -0.086078
2074 -0.055947
2074 -0.056493
2074 -0.015199
2074 -0.085846
2074 -0.011342
2074 -0.029708
2074 -0.069649
2074 -0.022563
2074 -0.059127
2074 -0.042749
2074 -0.037396
2074 -0.046900
2074 -0.054277
2074 -0.080014
2074 -0.024622
2074 -0.015293
2074 -0.066585
2074 -0.070045
2074 -0.056198
2074 -0.049112
2074 -0.073568
2074 -0.039018
2074 -0.042579
2074 -0.062011
2074 -0.037514
2074 -0.042377
2074 -0.053835
2074 -0.068489
2074 -0.051217
2074 -0.058516
2074 -0.032777
2074 -0.040500
2074 -0.040226
2074 -0.061004
2074 -0.039051
2074 -0.022372
2074 -0.047955
2074 -0.055779
2074 -0.033723
2074 -0.019638
2074 -0.034027
2074 -0.066215
2074 -0.022729
2074 -0.031757
2074 -0.047532
2074 -0.014473
2074 -0.030604
2074 -0.025628
2074 -0.026376
2074 -0.038188
2074 -0.049144
2074 -0.047240
2074 -0.035717
2074 -0.040823
2074 -0.059065
2074 -0.049833
2074 -0.023266
2074 -0.061220
2074 -0.050574
2074 -0.029741
2074 -0.067084
2074 -0.027953
2074 -0.045751
2074 -0.004034
2074 -0.056088
2074 -0.045156
2074 -0.019636
2074 -0.073780
2074 -0.039643
2074 -0.032599
2074 -0.077939
2074 -0.041641
2074 -0.033140
2074 -0.026019
2074 -0.045195
2074 -0.026111
2074 -0.050338
2074 -0.062930
2074 0.005626
2074 -0.023725
2074 -0.065132
2074 -0.041097
2074 -0.047487
2074 -0.054302
2074 -0.073879
2074 -0.025953
2074 -0.008272
2074 -0.064935
2074 -0.061094
2074 -0.047248
2074 -0.025678
2074 -0.022898
2074 -0.049673
2074 -0.007449
2074 -0.080071
2074 -0.058832
2074 -0.054828
2074 -0.035939
2074 -0.028907
2074 -0.026384
2074 0.012826
2074 -0.025017
2074 -0.026863
2074 -0.055443
2074 -0.068372
2074 -0.044056
2074 -0.046368
2074 -0.066937
2074 -0.042790
2074 -0.043465
2074 0.001075
2074 -0.042489
2074 -0.053724
2074 -0.047458
2074 -0.034424
2074 -0.049946
2074 -0.049014
2074 -0.027702
2074 -0.053756
2074 -0.045146
2074 -0.068614
2074 -0.006301
2074 -0.020980
2074 -0.074623
2074 -0.030728
2074 -0.038199
2074 -0.041863
2074 -0.024655
2074 -0.016822
2074 -0.082604
2074 -0.019763
2074 -0.049213
2074 -0.053702
2074 -0.044652
2074 -0.024519
2074 -0.045840
2074 -0.065786
2074 -0.018794
2074 -0.022859
2074 -0.036208
2074 0.006086
2074 -0.046749
2074 -0.070623
2074 -0.026495
2074 -0.005370
2074 -0.039884
2074 -0.059989
2074 -0.039021
2074 -0.055631
2074 -0.054165
2074 0.000619
2074 -0.045279
2074 -0.033411
2074 0.003492
2074 -0.071269
2074 -0.051125
2074 -0.005740
2074 -0.035620
2074 -0.072635
2074 -0.035402
2074 -0.031696
2074 -0.055942
2074 -0.039994
2074 -0.026446
2074 -0.074779
2074 -0.039920
2074 -0.060957
2074 -0.064688
2074 -0.047133
2074 -0.037653
2074 -0.031795
2074 -0.024495
2074 -0.041906
2074 -0.031388
2074 -0.052435
2074 -0.087326
2074 -0.034603
2074 -0.062437
2074 -0.044535
2074 -0.047408
2074 -0.023798
2074 -0.061905
2074 -0.043213
2074 -0.040230
2074 -0.026474
2074 -0.081281
2074 -0.050532
2074 -0.036535
2074 -0.003541
2074 -0.021028
2074 -0.053235
2074 0.019669
2074 -0.047623
2074 -0.035644
2074 -0.051085
2074 -0.056891
2074 -0.027254
2074 -0.047650
2074 -0.065142
2074 -0.053189
2074 0.020215
2074 -0.028735
2074 -0.043755
2074 -0.030927
2074 -0.040872
2074 -0.063307
2074 -0.028857
2074 -0.029919
2074 -0.005800
2074 -0.029845
2074 -0.024452
2074 0.000163
2074 -0.057762
2074 -0.040036
2074 0.015675
2074 0.015211
2074 -0.055747
2074 -0.000088
2074 -0.014737
2074 -0.084420
2074 -0.011800
2074 -0.032777
2074 -0.048043
2074 -0.044320
2074 -0.014091
2074 -0.061817
2074 -0.009677
2074 -0.025774
2074 -0.049589
2074 -0.051861
2074 -0.032149
2074 -0.052362
2074 -0.053621
2074 -0.004558
2074 -0.022674
2074 -0.044269
2074 -0.031438
2074 -0.035999
2074 -0.032511
2074 -0.060215
2074 -0.059846
2074 -0.015811
2074 -0.025428
2074 -0.074009
2074 -0.076492
2074 -0.004390
2074 -0.031068
2074 0.012230
2074 -0.062963
2074 -0.037886
2074 -0.056409
2074 -0.029197
2074 -0.005674
2074 -0.023609
2074 -0.084444
2074 -0.050222
2074 -0.060551
2074 0.012828
2074 -0.031583
2074 -0.048936
2074 -0.069302
2074 -0.063688
2074 -0.033369
2074 -0.015961
2074 -0.050871
2074 -0.041345
2074 -0.042445
2074 -0.005896
2074 -0.031774
2074 -0.049814
2074 -0.062456
2074 -0.068323
2074 -0.030035
2074 -0.070509
2074 -0.029307
2074 -0.042467
2074 -0.024992
2074 -0.013158
2074 -0.030026
2074 -0.045856
2074 -0.049394
2074 -0.056810
2074 -0.005721
2074 -0.050966
2074 -0.036539
2074 -0.053255
2074 -0.015087
2074 -0.021479
2074 -0.065430
2074 -0.044965
2074 -0.059416
2074 -0.009770
2074 -0.063772
2074 -0.034695
2074 -0.058534
2074 -0.037994
2074 -0.011286
2074 -0.034704
2074 -0.058008
2074 -0.026184
2074 -0.039233
2074 -0.005403
2074 -0.047632
2074 -0.027836
2074 -0.027273
2074 -0.041057
2074 -0.011765
2074 -0.058994
2074 -0.038598
2074 -0.046585
2074 -0.059839
2074 -0.048682
2074 -0.040332
2074 -0.074126
2074 -0.037471
2074 -0.024628
2074 -0.031757
2074 -0.035209
2074 -0.028420
2074 -0.030011
2074 -0.039302
2074 -0.031086
2074 -0.020056
2074 -0.041237
2074 -0.041012
2074 -0.021542
2074 -0.056755
2074 -0.046924
2074 -0.026357
2074 -0.038720
2074 -0.046158
2074 -0.035948
2074 -0.007487
2074 -0.041391
2074 -0.038695
2074 -0.031944
2074 -0.021636
2074 -0.023903
2074 -0.060848
2074 -0.030243
2074 -0.050145
2074 -0.021823
2074 -0.063124
2074 -0.028808
2074 -0.027614
2074 -0.031640
2074 -0.075191
2074 -0.062029
2074 -0.013044
2074 -0.046100
2074 -0.049486
2074 -0.047134
2074 -0.039667
2074 -0.061048
2074 -0.009389
2074 -0.030644
2074 -0.018544
2074 -0.045135
2074 -0.036311
2074 -0.007690
2074 -0.035123
2074 -0.028092
2074 -0.059066
2074 -0.044818
2074 -0.039329
2074 -0.019289
2074 -0.033187
2074 -0.018922
2074 -0.029940
2074 -0.027290
2074 -0.041457
2074 -0.040863
2074 -0.036176
2074 -0.034381
2074 -0.035444
2074 -0.049889
2074 -0.020254
2074 -0.037402
2074 -0.037507
2074 -0.030955
2074 -0.025440
2074 -0.035972
2074 -0.037345
2074 -0.032425
2074 -0.032933
2074 -0.029898
2074 -0.054797
2074 -0.054066
2074 -0.040605
2074 -0.038018
2074 -0.040513
2074 -0.057565
2074 -0.076981
2074 -0.084388
2074 -0.046669
2074 -0.025808
2074 0.002431
2074 -0.026265
2074 -0.049622
2074 -0.061896
2074 -0.021472
2074 -0.032559
2074 -0.035035
2074 -0.045342
2074 -0.040328
2074 -0.078687
2074 -0.034273
2074 0.003122
2074 -0.040715
2074 -0.020016
2074 -0.042906
2074 -0.002936
2074 -0.005457
2074 -0.023515
2074 -0.044145
2074 0.014837
2074 -0.040948
2074 -0.020346
2074 -0.030067
2074 -0.015531
2074 -0.034877
2074 -0.067751
2074 -0.051495
2074 -0.035906
2074 -0.061606
2074 -0.045826
2074 -0.028523
2074 -0.082938
2074 -0.061384
2074 -0.039898
2074 -0.031457
2074 -0.080401
2074 -0.027575
2074 -0.010914
2074 -0.033306
2074 -0.035027
2074 -0.069468
2074 0.000659
2074 -0.025726
2074 -0.063303
2074 -0.024031
2074 -0.028348
2074 -0.030608
2074 -0.039649
2074 0.004691
2074 -0.027257
2074 -0.070415
2074 -0.008506
2074 -0.026829
2074 -0.021793
2074 -0.005370
2074 -0.046746
2074 -0.049312
2074 -0.031946
2074 -0.052455
2074 0.005593
2074 -0.013230
2074 -0.019004
2074 -0.046898
2074 -0.064801
2074 -0.001237
2074 -0.049035
2074 -0.057955
2074 -0.024995
2074 -0.022235
2074 -0.070923
2074 -0.038154
2074 -0.034540
2074 -0.020635
2074 -0.028289
2074 -0.045983
2074 -0.040583
2074 -0.039686
2074 -0.076215
2074 -0.066561
2074 -0.047598
2074 0.005020
2074 -0.068258
2074 -0.037862
2074 -0.060354
2074 -0.050120
2074 -0.056781
2074 -0.026449
2074 -0.002706
2074 -0.041665
2074 -0.071353
2074 -0.030755
2074 -0.072585
2074 -0.050823
2074 -0.051619
2074 -0.038032
2074 0.003261
2074 -0.048215
2074 -0.058413
2074 -0.061634
2074 -0.032437
2074 -0.050079
2074 -0.067881
2074 -0.031057
2074 -0.040906
2074 0.009329
2074 -0.016046
2074 -0.024944
2074 -0.028805
2074 -0.018583
2074 0.004739
2074 -0.026932
2074 -0.034721
2074 -0.040131
2074 0.003586
2074 -0.033975
2074 -0.043499
2074 0.001799
2074 -0.066117
2074 -0.063074
2074 -0.031766
2074 -0.010192
2074 -0.056439
2074 -0.052402
2074 -0.026186
2074 -0.039490
2074 -0.048670
2074 -0.040904
2074 -0.011178
2074 -0.046928
2074 -0.053778
2074 -0.027058
2074 -0.075862
2074 -0.046161
2074 -0.059655
2074 -0.024687
2074 -0.033628
2074 -0.016403
2074 -0.043165
2074 -0.009639
2074 -0.022060
2074 -0.052784
2074 -0.039184
2074 -0.060495
2074 -0.046654
2074 -0.043645
2074 -0.019031
2074 -0.022057
2074 -0.047739
2074 -0.024100
2074 -0.056022
2074 -0.026977
2074 -0.030498
2074 -0.005994
2074 -0.043029
2074 -0.040569
2074 -0.037208
2074 -0.011788
2074 -0.016016
2074 -0.040265
2074 -0.027756
2074 -0.057937
2074 -0.028117
2074 -0.071400
2074 -0.060494
2074 -0.072784
2074 0.025724
2074 -0.067246
2074 -0.031005
2074 -0.054210
2074 -0.048280
2074 -0.028710
2074 -0.028881
2074 -0.036280
2074 -0.029122
2074 -0.076080
2074 -0.036855
2074 -0.057517
2074 -0.031408
2074 -0.024114
2074 -0.037819
2074 -0.041324
2074 -0.077686
2074 -0.049088
2074 -0.071370
2074 -0.033041
2074 -0.054518
2074 -0.014778
2074 -0.059244
2074 -0.006102
2074 -0.063987
2074 -0.028219
2074 -0.028191
2074 -0.077951
2074 -0.050159
2074 -0.039823
2074 -0.015363
2074 -0.059261
2074 -0.032494
2074 -0.042344
2074 0.005200
2074 -0.031054
2074 -0.044549
2074 -0.012444
2074 -0.011234
2074 -0.067337
2074 -0.006162
2074 -0.026747
2074 -0.058811
2074 -0.084311
2074 -0.063824
2074 -0.086316
2074 0.020176
2074 -0.044855
2074 -0.020834
2074 -0.068065
2074 -0.043722
2074 -0.043451
2074 -0.055696
2074 -0.054517
2074 -0.027151
2074 -0.046064
2074 -0.065178
2074 -0.002613
2074 -0.078982
2074 -0.013405
2074 -0.044030
2074 -0.021843
2074 -0.016268
2074 -0.043642
2074 -0.031608
2074 -0.032321
2074 -0.015658
2074 -0.068229
2074 -0.020888
2074 -0.073781
2074 -0.037579
2074 -0.103492
2074 -0.036836
2074 -0.083196
2074 -0.024347
2074 -0.052494
2074 0.017433
2074 -0.060489
2074 -0.039199
2074 -0.030672
2074 -0.046119
2074 -0.068610
2074 -0.056255
2074 -0.033483
2074 -0.074173
2074 0.013071
2074 -0.012801
2074 -0.071891
2074 -0.035517
2074 -0.008222
2074 -0.038033
2074 -0.054775
2074 -0.030569
2074 -0.047056
2074 -0.071184
2074 -0.040747
2074 -0.023360
2074 -0.027430
2074 -0.041122
2074 -0.028810
2074 -0.008117
2074 -0.094849
2074 -0.026031
2074 -0.023778
2074 -0.003604
2074 -0.057924
2074 -0.076091
2074 -0.063823
2074 -0.002077
2074 -0.052119
2074 -0.068827
2074 -0.026082
2074 -0.053745
2074 -0.032838
2074 -0.025193
2074 -0.033661
2074 -0.041148
2074 -0.044165
2074 -0.061832
2074 -0.049425
2074 -0.046315
2074 -0.026321
2074 0.006443
2074 -0.036983
2074 -0.044364
2074 -0.031399
2074 -0.071695
2074 -0.023417
2074 -0.068775
2074 -0.048712
2074 -0.023052
2074 -0.022148
2074 -0.039213
2074 -0.022556
2074 -0.029103
2074 -0.030638
2074 -0.014086
2074 -0.044787
2074 -0.042952
2074 -0.032235
2074 -0.034019
2074 -0.043534
2074 -0.048450
2074 -0.034958
2074 -0.030516
2074 0.012601
2074 -0.037570
2074 0.003656
2074 -0.055797
2074 -0.061146
2074 -0.026404
2074 -0.053048
2074 0.004331
2074 -0.039020
2074 -0.021598
2074 -0.042723
2074 -0.044557
2074 -0.044453
2074 -0.043541
2074 -0.005322
2074 -0.032536
2074 -0.041673
2074 -0.028268
2074 -0.050172
2074 -0.040526
2074 -0.086502
2074 -0.047411
2074 -0.040693
2074 -0.048916
2074 -0.028192
2074 -0.038889
2074 -0.041644
2074 -0.070041
2074 -0.046582
2074 -0.026771
2074 -0.032649
2074 -0.044330
2074 -0.077711
2074 -0.028030
2074 -0.001035
2074 -0.059786
2074 -0.052984
2074 -0.055956
2074 -0.018685
2074 -0.033118
2074 -0.061261
2074 -0.017253
2074 -0.036124
2074 -0.055096
2074 -0.018694
2074 -0.027805
2074 -0.000064
2074 -0.085838
2074 -0.017784
2074 -0.042920
2074 -0.024631
2074 -0.031064
2074 -0.012110
2074 -0.029787
2074 -0.018494
2074 -0.061659
2074 -0.065046
2074 -0.020736
2074 -0.051746
2074 -0.048129
2074 -0.027424
2074 -0.041751
2074 -0.059243
2074 -0.025575
2074 -0.019121
2074 -0.029933
2074 -0.039689
2074 -0.044272
2074 -0.059544
2074 -0.009513
2074 -0.078042
2074 -0.046952
2074 -0.059655
2074 -0.063413
2074 -0.012390
2074 -0.056316
2074 -0.027203
2074 -0.073323
2074 -0.036209
2074 -0.062660
2074 -0.051277
2074 -0.026575
2074 -0.036833
2074 -0.029659
2074 -0.043629
2074 -0.052608
2074 -0.032845
2074 -0.026912
2074 -0.014437
2074 -0.002621
2074 -0.052234
2074 -0.043820
2074 -0.019544
2074 -0.067864
2074 -0.048511
2074 -0.055765
2074 0.032150
2074 -0.016956
2074 -0.052688
2074 -0.056486
2074 -0.024274
2074 -0.033954
2074 -0.055218
2074 -0.019244
2074 -0.023328
2074 -0.069310
2074 -0.018909
2074 -0.006155
2074 -0.045835
2074 -0.009306
2074 -0.045132
2074 -0.055014
2074 -0.033478
2074 -0.057545
2074 -0.053952
2074 -0.050105
2074 -0.041756
2074 -0.041552
2074 -0.038338
2074 -0.032279
2074 -0.076722
2074 -0.053336
2074 -0.063809
2074 -0.044094
2074 -0.085536
2074 -0.007078
2074 -0.007788
2074 -0.071925
2074 -0.015817
2074 -0.023257
2074 -0.049793
2074 -0.083881
2074 -0.005402
2074 -0.017161
2074 -0.016102
2074 -0.075114
2074 -0.026446
2074 -0.075422
2074 -0.078667
2074 -0.040640
2074 -0.034387
2074 -0.053442
2074 -0.012538
2074 -0.009730
2074 -0.079856
2074 -0.061298
2074 -0.027149
2074 -0.046827
2074 -0.037628
2074 -0.012427
2074 -0.046440
2074 -0.033324
2074 -0.022618
2074 -0.078882
2074 -0.059351
2074 -0.041318
2074 -0.032502
2074 -0.048427
2074 -0.003927
2074 -0.074231
2074 -0.010588
2074 -0.005645
2074 0.000344
2074 -0.031817
2074 -0.057600
2074 -0.080249
2074 -0.061073
2074 -0.060026
2074 0.001308
2074 -0.030234
2074 -0.063062
2074 -0.035695
2074 -0.036499
2074 -0.045177
2074 -0.021083
2074 -0.065538
2074 -0.019576
2074 -0.019663
2074 -0.044600
2074 -0.010987
2074 -0.059278
2074 -0.014970
2074 -0.041567
2074 -0.033385
2074 -0.009718
2074 -0.064621
2074 -0.075238
2074 -0.013329
2074 -0.049689
2074 -0.042185
2074 -0.036306
2074 -0.041957
2074 -0.036489
2074 -0.064607
2074 -0.015856
2074 -0.060854
2074 -0.048592
2074 -0.072017
2074 -0.014439
2074 -0.059705
2074 -0.007618
2074 -0.085678
2074 -0.014778
2074 -0.084644
2074 -0.040466
2074 -0.046967
2074 -0.036977
2074 -0.035790
2074 -0.031739
2074 -0.070936
2074 -0.032844
2074 -0.091147
2074 -0.058119
2074 -0.023269
2074 -0.021687
2074 -0.034024
2074 -0.013376
2074 -0.001245
2074 -0.059058
2074 -0.053299
2074 -0.043129
2074 -0.004305
2074 -0.042391
2074 -0.051880
2074 -0.036233
2074 -0.013422
2074 -0.014247
2074 0.000742
2074 -0.026477
2074 -0.030134
2074 -0.038447
2074 -0.039511
2074 -0.033034
2074 -0.030594
2074 -0.042973
2074 -0.024254
2074 -0.062636
2074 -0.017715
2074 -0.045308
2074 -0.044814
2074 -0.059909
2074 -0.068997
2074 -0.003118
2074 -0.048454
2074 -0.051406
2074 -0.048175
2074 -0.051600
2074 0.005457
2074 -0.039558
2074 -0.016871
2074 -0.060185
2074 -0.027103
2074 -0.014863
2074 -0.025352
2074 -0.015540
2074 -0.046776
2074 -0.042582
2074 -0.072403
2074 -0.032128
2074 -0.041852
2074 -0.044999
2074 -0.003035
2074 -0.076417
2074 -0.024382
2074 -0.038681
2074 -0.029872
2074 -0.013246
2074 -0.065394
2074 -0.038076
2074 -0.020027
2074 -0.024989
2074 -0.042977
2074 -0.044561
2074 0.011740
2074 -0.002026
2074 -0.023450
2074 -0.039048
2074 -0.032018
2074 0.012538
2074 -0.045377
2074 -0.015810
2074 -0.036689
2074 -0.067685
2074 -0.063615
2074 -0.068045
2074 -0.045490
2074 -0.034888
2074 -0.030250
2074 -0.058365
2074 -0.081822
2074 -0.040371
2074 -0.004479
2074 -0.031168
2074 -0.006074
2074 -0.020469
2074 -0.045561
2074 -0.070291
2074 -0.015516
2074 -0.039345
2074 -0.065570
2074 -0.065659
2074 -0.026173
2074 -0.022140
2074 -0.047806
2074 -0.037967
2074 -0.054120
2074 -0.052983
2074 -0.075397
2074 -0.019117
2074 -0.055976
2074 -0.076340
2074 -0.036633
2074 -0.085223
2074 -0.032075
2074 -0.031628
2074 -0.052602
2074 -0.017739
2074 -0.043655
2074 -0.044853
2074 -0.042738
2074 -0.039149
2074 -0.044796
2074 -0.007506
2074 -0.071599
2074 -0.077679
2074 -0.047152
2074 -0.040253
2074 -0.036886
2074 -0.053592
2074 -0.017980
2074 0.008666
2074 -0.048922
2074 -0.046732
2074 -0.000648
2074 -0.048029
2074 -0.072192
2074 -0.034318
2074 -0.093822
2074 -0.066239
2074 -0.018690
2074 -0.025147
2074 -0.059268
2074 -0.029627
2074 -0.018791
2074 -0.031658
2074 -0.068231
2074 -0.024107
2074 -0.071808
2074 -0.045420
2074 -0.033650
2074 -0.039867
2074 -0.034856
2074 -0.034452
2074 -0.025831
2074 -0.032620
2074 0.005837
2074 -0.095047
2074 -0.030710
2074 -0.019743
2074 -0.059805
2074 -0.043956
2074 -0.067030
2074 -0.016651
2074 -0.063211
2074 -0.091503
2074 -0.009614
2074 -0.060672
2074 -0.061984
2074 -0.012617
2074 -0.004240
2074 -0.031890
2074 -0.049342
2074 -0.027691
2074 -0.037258
2074 -0.087325
2074 -0.056585
2074 0.003056
2074 -0.022586
2074 -0.079596
2074 0.006794
2074 -0.057615
2074 -0.031225
2074 -0.067504
2074 -0.070113
2074 -0.032673
2074 -0.041856
2074 -0.088255
2074 -0.034360
2074 -0.076698
2074 -0.081277
2074 -0.025987
2074 -0.017092
2074 -0.034636
2074 -0.050290
2074 -0.021276
2074 -0.037814
2074 -0.061750
2074 -0.043452
2074 -0.017042
2074 -0.012199
2074 -0.083638
2074 -0.040122
2074 -0.046682
2074 -0.047562
2074 -0.044482
2074 -0.040307
2074 -0.029863
2074 -0.035503
2074 -0.029272
2074 -0.038273
2074 -0.044521
2074 -0.043218
2074 -0.032720
2074 -0.038925
2074 -0.095495
2074 -0.030757
2074 -0.019339
2074 -0.044414
2074 -0.056702
2074 -0.042566
2074 -0.086550
2074 -0.044370
2074 -0.026570
2074 -0.014366
2074 -0.037491
2074 -0.020752
2074 -0.026080
2074 -0.044252
2074 -0.044067
2074 -0.016603
2074 -0.039399
2074 -0.023150
2074 -0.052355
2074 -0.022733
2074 -0.062288
2074 -0.013905
2074 -0.045188
2074 -0.054114
2074 -0.051090
2074 -0.018564
2074 -0.049186
2074 -0.045690
2074 -0.025536
2074 -0.032263
2074 0.037568
2074 -0.039727
2074 -0.043906
2074 -0.039769
2074 -0.027733
2074 -0.030842
2074 0.009801
2074 -0.012771
2074 -0.029700
2074 -0.019073
2074 -0.052525
2074 -0.017617
2074 -0.048586
2074 -0.046766
2074 -0.055370
2074 -0.064952
2074 -0.044176
2074 -0.064007
2074 -0.051896
2074 -0.019896
2074 -0.046186
2074 -0.032301
2074 -0.067174
2074 -0.028440
2074 -0.051921
2074 -0.033453
2074 -0.049490
2074 -0.028967
2074 -0.041166
2074 -0.042284
2074 -0.059872
2074 -0.046595
2074 -0.032833
2074 -0.041626
2074 -0.063726
2074 -0.045156
2074 -0.056140
2074 -0.015530
2074 -0.001976
2074 -0.048022
2074 -0.095071
2074 -0.022412
2074 -0.025016
2074 -0.063191
2074 -0.024870
2074 -0.031031
2074 -0.054964
2074 -0.066876
2074 -0.039728
2074 -0.063928
2074 -0.036956
2074 0.002374
2074 -0.012674
2074 -0.058600
2074 -0.030867
2074 -0.055973
2074 -0.063454
2074 -0.021309
2074 -0.043747
2074 -0.061287
2074 -0.033682
2074 -0.049109
2074 -0.062102
2074 -0.022729
2074 -0.021889
2074 0.001649
2074 -0.034215
2074 -0.077618
2074 -0.055867
2074 -0.036767
2074 -0.044312
2074 -0.052126
2074 -0.036990
2074 -0.056423
2074 -0.025930
2074 -0.044822
2074 -0.014678
2074 -0.023239
2074 -0.029203
2074 -0.042104
2074 -0.038718
2074 -0.005402
2074 -0.004920
2074 -0.021588
2074 -0.051289
2074 -0.042371
2074 -0.048723
2074 -0.033780
2074 -0.048373
2074 -0.043491
2074 -0.050560
2074 -0.031698
2074 -0.020263
2074 -0.022021
2074 -0.033785
2074 -0.045274
2074 -0.033976
2074 -0.052139
2074 -0.021496
2074 -0.020651
2074 -0.056653
2074 -0.021788
2074 -0.039490
2074 -0.056677
2074 -0.046851
2074 -0.027550
2074 -0.028566
2074 -0.052345
2074 -0.044089
2074 -0.035301
2074 -0.033567
2074 -0.015442
2074 -0.069335
2074 -0.044339
2074 -0.067013
2074 -0.057528
2074 -0.057738
2074 -0.029883
2074 -0.008072
2074 -0.009746
2074 -0.009308
2074 -0.077587
2074 -0.023261
2074 -0.053277
2074 -0.046958
2074 -0.004520
2074 -0.065583
2074 -0.027273
2074 -0.055601
2074 -0.037873
2074 -0.057794
2074 -0.064216
2074 -0.043703
2074 -0.042931
2074 -0.023188
2074 -0.047699
2074 -0.022216
2074 -0.032470
2074 -0.041233
2074 -0.060583
2074 -0.062548
2074 0.018249
2074 -0.011565
2074 -0.039578
2074 -0.053676
2074 -0.062082
2074 -0.039372
2074 -0.054592
2074 -0.040199
2074 0.018335
2074 -0.029667
2074 -0.037266
2074 -0.028893
2074 -0.052993
2074 -0.056926
2074 -0.028457
2074 -0.056031
2074 -0.097698
2074 -0.029867
2074 -0.030540
2074 -0.072407
2074 -0.035640
2074 -0.041368
2074 -0.018242
2074 -0.026045
2074 -0.002488
2074 -0.024131
2074 -0.001511
2074 -0.026375
2074 -0.044786
2074 -0.041889
2074 -0.059569
2074 -0.057723
2074 -0.089411
2074 -0.050083
2074 -0.060546
2074 -0.012752
2074 -0.014064
2074 -0.044850
2074 -0.053846
2074 -0.005802
2074 -0.070817
2074 -0.039907
2074 -0.022811
2074 -0.018400
2074 -0.036130
2074 -0.044407
2074 -0.044420
2074 -0.097988
2074 -0.028983
2074 -0.047839
2074 -0.072237
2074 -0.017761
2074 -0.027296
2074 -0.022041
2074 -0.045251
2074 -0.048780
2074 -0.024754
2074 -0.042445
2074 -0.041694
2074 -0.063792
2074 -0.057691
2074 -0.068723
2074 -0.063000
2074 -0.012593
2074 -0.029235
2074 -0.034033
2074 -0.012550
2074 -0.059104
2074 -0.033574
2074 -0.051089
2074 -0.042519
2074 -0.045976
2074 -0.059091
2074 -0.044321
2074 -0.042690
2074 -0.012818
2074 -0.023861
2074 -0.015620
2074 -0.061261
2074 -0.020116
