#Win Corr
2074 nan
2074 nan
2074 nan
2074 nan
2074 nan
2074 nan
2074 nan
2074 nan
2074 nan
2074 nan
2074 nan
2074 nan
2074 nan
2074 nan
2074 nan
2074 nan
2074 nan
2074 nan
2074 nan
2074 nan
2074 nan
2074 nan
2074 nan
2074 nan
2074 nan
2074 nan
2074 nan
2074 nan
2074 nan
2074 nan
2074 nan
2074 nan
2074 nan
2074 nan
2074 nan
2074 nan
2074 nan
2074 -0.270333
2074 -0.254022
2074 -0.260022
2074 nan
2074 -0.354802
2074 -0.363375
2074 -0.364482
2074 -0.365003
2074 -0.379722
2074 -0.364778
2074 -0.366019
2074 -0.362210
2074 -0.337458
2074 -0.368621
2074 -0.339073
2074 -0.375112
2074 -0.369548
2074 -0.350698
2074 -0.336308
2074 -0.381958
2074 -0.339657
2074 -0.348187
2074 -0.351450
2074 -0.353687
2074 -0.363092
2074 -0.362835
2074 -0.357873
2074 -0.346671
2074 0.291292
2074 -0.345628
2074 0.272949
2074 -0.349819
2074 0.277681
2074 -0.351573
2074 -0.353470
2074 -0.361839
2074 0.273080
2074 0.285868
2074 -0.322010
2074 0.283680
2074 -0.365007
2074 -0.329995
2074 -0.361692
2074 -0.311850
2074 0.268953
2074 0.252608
2074 -0.344062
2074 0.276523
2074 -0.323372
2074 -0.328666
2074 0.266178
2074 -0.298336
2074 0.227396
2074 0.227169
2074 0.277760
2074 -0.336736
2074 -0.332459
2074 0.275562
2074 0.276819
2074 -0.319039
2074 -0.349754
2074 0.289907
2074 -0.331470
2074 -0.329488
2074 -0.342257
2074 -0.367050
2074 -0.336048
2074 -0.330051
2074 0.288353
2074 nan
2074 -0.360410
2074 0.247529
2074 -0.324264
2074 -0.311037
2074 0.225312
2074 nan
2074 0.198542
2074 0.211960
2074 0.229501
2074 -0.298469
2074 -0.288026
2074 0.230245
2074 nan
2074 -0.294264
2074 -0.293862
2074 0.228725
2074 -0.269190
2074 -0.292430
2074 -0.304853
2074 -0.265998
2074 -0.367240
2074 -0.359488
2074 0.286008
2074 0.268252
2074 -0.334581
2074 0.284942
2074 0.280080
2074 0.278772
2074 0.259326
2074 -0.359198
2074 0.286805
2074 0.284702
2074 -0.349565
2074 0.280012
2074 0.273074
2074 0.268368
2074 -0.326194
2074 -0.306230
2074 0.251431
2074 0.234990
2074 -0.323159
2074 0.245583
2074 0.209217
2074 -0.306751
2074 -0.374713
2074 -0.367963
2074 0.324178
2074 0.280113
2074 0.302935
2074 0.314770
2074 -0.368367
2074 -0.349326
2074 0.324059
2074 -0.366459
2074 -0.273235
2074 0.225074
2074 -0.268957
2074 -0.306238
2074 -0.328135
2074 -0.293477
2074 -0.250138
2074 -0.303911
2074 0.185379
2074 0.202941
2074 -0.192048
2074 -0.271685
2074 -0.235415
2074 -0.368779
2074 0.191472
2074 -0.360692
2074 -0.364966
2074 0.269094
2074 -0.334087
2074 -0.294865
2074 -0.308028
2074 -0.323762
2074 -0.350579
2074 -0.345504
2074 0.295452
2074 0.268853
2074 0.244994
2074 -0.310166
2074 0.239680
2074 0.231562
2074 0.261198
2074 -0.263423
2074 0.277405
2074 0.181574
2074 -0.345174
2074 -0.320755
2074 -0.241450
2074 -0.312630
2074 0.308570
2074 -0.354171
2074 0.304996
2074 0.320401
2074 0.351013
2074 -0.395336
2074 0.318552
2074 -0.380878
2074 -0.381000
2074 -0.375002
2074 0.280366
2074 0.287123
2074 -0.341459
2074 -0.347182
2074 0.275123
2074 -0.354000
2074 0.293467
2074 -0.368075
2074 0.309931
2074 0.294721
2074 0.284142
2074 -0.358465
2074 -0.357228
2074 0.320315
2074 -0.382519
2074 -0.377257
2074 0.325965
2074 0.270509
2074 -0.390471
2074 0.181541
2074 0.219605
2074 -0.350781
2074 0.203131
2074 -0.308565
2074 0.227107
2074 0.252923
2074 -0.262049
2074 -0.258066
2074 -0.369927
2074 -0.232559
2074 0.301910
2074 -0.247890
2074 0.300443
2074 0.086315
2074 0.275456
2074 -0.305768
2074 -0.339153
2074 0.171613
2074 -0.350473
2074 -0.225062
2074 0.290970
2074 0.233249
2074 -0.264860
2074 0.217779
2074 -0.314917
2074 0.250106
2074 0.161428
2074 -0.038478
2074 -0.033786
2074 -0.016359
2074 -0.073016
2074 -0.051529
2074 -0.030341
2074 -0.037606
2074 -0.062434
2074 -0.091011
2074 -0.047023
2074 -0.031903
2074 -0.034768
2074 -0.022168
2074 -0.054812
2074 -0.044304
2074 -0.053448
2074 -0.034928
2074 -0.010288
2074 -0.033919
2074 -0.034273
2074 -0.037190
2074 -0.034895
2074 -0.060414
2074 -0.039607
2074 -0.000406
2074 -0.039149
2074 -0.034768
2074 -0.048515
2074 -0.037737
2074 -0.045174
2074 -0.040082
2074 -0.039167
2074 -0.044829
2074 -0.037631
2074 -0.041955
2074 -0.025007
2074 -0.044759
2074 -0.018267
2074 -0.038132
2074 -0.035103
2074 -0.044916
2074 -0.050778
2074 -0.049113
2074 -0.052534
2074 -0.037795
2074 -0.047906
2074 -0.057727
2074 -0.041651
2074 -0.046019
2074 -0.070773
2074 -0.038772
2074 -0.025575
2074 -0.021760
2074 -0.018595
2074 -0.021175
2074 -0.030071
2074 -0.034303
2074 -0.042451
2074 -0.036716
2074 -0.038004
2074 -0.032819
2074 -0.038067
2074 -0.040329
2074 -0.044880
2074 -0.048528
2074 -0.049920
2074 -0.065478
2074 -0.029379
2074 -0.076665
2074 -0.042597
2074 -0.025837
2074 -0.075020
2074 -0.049218
2074 -0.048058
2074 -0.050722
2074 -0.034204
2074 -0.065205
2074 -0.063008
2074 -0.025355
2074 -0.028701
2074 -0.019715
2074 -0.050792
2074 -0.065818
2074 -0.042451
2074 -0.041475
2074 -0.031047
2074 -0.032032
2074 -0.035722
2074 -0.060231
2074 -0.043380
2074 -0.017708
2074 -0.080298
2074 -0.027132
2074 -0.049580
2074 -0.013116
2074 -0.075571
2074 -0.071139
2074 -0.049146
2074 -0.056484
2074 -0.017067
2074 -0.072656
2074 -0.009558
2074 -0.045516
2074 -0.049817
2074 -0.038685
2074 -0.053518
2074 -0.033508
2074 -0.061009
2074 -0.037287
2074 -0.022090
2074 -0.039149
2074 -0.027068
2074 -0.042065
2074 -0.039592
2074 -0.027178
2074 -0.037687
2074 -0.061384
2074 -0.038044
2074 -0.070267
2074 -0.039235
2074 -0.017654
2074 -0.047080
2074 -0.027671
2074 -0.039635
2074 -0.028017
2074 -0.044499
2074 -0.026822
2074 -0.038079
2074 -0.033524
2074 -0.028274
2074 -0.038688
2074 -0.039064
2074 -0.031839
2074 -0.037757
2074 -0.033172
2074 -0.047819
2074 -0.054687
2074 -0.032432
2074 -0.042519
2074 -0.036669
2074 -0.028782
2074 -0.027387
2074 -0.007024
2074 -0.034615
2074 -0.031724
2074 -0.039245
2074 -0.026995
2074 -0.040153
2074 -0.030792
2074 -0.056214
2074 -0.038216
2074 -0.067370
2074 -0.056141
2074 -0.091893
2074 -0.005803
2074 -0.073803
2074 -0.074232
2074 -0.004125
2074 -0.046297
2074 -0.044089
2074 0.001191
2074 -0.038962
2074 -0.044369
2074 -0.024640
2074 -0.053759
2074 -0.055117
2074 -0.064168
2074 -0.061128
2074 -0.003123
2074 -0.018711
2074 -0.023368
2074 -0.025158
2074 -0.029825
2074 -0.034854
2074 -0.037092
2074 -0.035273
2074 -0.036043
2074 -0.037250
2074 -0.037966
2074 -0.038825
2074 -0.036766
2074 -0.039193
2074 -0.029458
2074 -0.075593
2074 -0.069053
2074 -0.084790
2074 -0.047882
2074 -0.038856
2074 -0.022087
2074 0.019836
2074 -0.027308
2074 -0.037248
2074 -0.041383
2074 -0.037427
2074 -0.037486
2074 -0.024476
2074 -0.032974
2074 -0.042470
2074 -0.033752
2074 -0.080246
2074 -0.057734
2074 -0.022095
2074 -0.042368
2074 -0.039397
2074 -0.051241
2074 -0.033081
2074 -0.041575
2074 -0.043806
2074 -0.005084
2074 -0.068059
2074 -0.054181
2074 -0.014166
2074 -0.036164
2074 -0.007840
2074 -0.030538
2074 -0.040381
2074 -0.042862
2074 -0.058844
2074 -0.026422
2074 -0.060720
2074 -0.045068
2074 -0.051041
2074 -0.037366
2074 -0.053045
2074 -0.029401
2074 -0.057290
2074 -0.010664
2074 -0.040416
2074 -0.066279
2074 -0.041567
2074 -0.017034
2074 -0.058613
2074 -0.060667
2074 -0.044924
2074 -0.011344
2074 -0.030301
2074 -0.026612
2074 -0.052625
2074 -0.036739
2074 -0.060840
2074 -0.036929
2074 -0.097118
2074 -0.045516
2074 -0.036743
2074 -0.049262
2074 -0.022292
2074 -0.041549
2074 -0.024154
2074 -0.047093
2074 -0.030386
2074 -0.063417
2074 -0.031650
2074 -0.041384
2074 -0.032487
2074 -0.047145
2074 -0.040450
2074 -0.034142
2074 -0.038703
2074 0.002480
2074 -0.039599
2074 -0.013250
2074 -0.038010
2074 -0.018241
2074 -0.027436
2074 -0.046280
2074 -0.042798
2074 -0.015451
2074 -0.041253
2074 -0.039758
2074 -0.042408
2074 -0.034394
2074 -0.026580
2074 -0.051217
2074 -0.024226
2074 -0.060247
2074 -0.058444
2074 -0.067411
2074 -0.030828
2074 -0.029748
2074 -0.033978
2074 -0.050110
2074 -0.069694
2074 -0.018462
2074 -0.029367
2074 -0.041174
2074 -0.046542
2074 -0.064303
2074 -0.022685
2074 -0.039730
2074 -0.053014
2074 -0.031154
2074 -0.044096
2074 -0.036894
2074 -0.020400
2074 -0.031242
2074 -0.026300
2074 -0.037245
2074 -0.070753
2074 -0.012609
2074 -0.044149
2074 -0.062772
2074 -0.057524
2074 -0.040429
2074 -0.050521
2074 -0.055752
2074 -0.028256
2074 -0.040360
2074 -0.029670
2074 -0.043900
2074 -0.026096
2074 -0.029349
2074 -0.040146
2074 -0.043873
2074 -0.035660
2074 -0.028996
2074 -0.037867
2074 -0.042174
2074 -0.037976
2074 -0.035169
2074 -0.036062
2074 -0.038898
2074 -0.046909
2074 -0.065372
2074 -0.062114
2074 -0.054089
2074 -0.021652
2074 -0.055138
2074 -0.062134
2074 -0.063468
2074 -0.038025
2074 -0.051502
2074 -0.007655
2074 -0.014134
2074 -0.039223
2074 -0.038900
2074 -0.057968
2074 -0.032592
2074 -0.015251
2074 -0.071968
2074 -0.047038
2074 -0.043325
2074 -0.009052
2074 -0.043497
2074 -0.038334
2074 -0.040773
2074 -0.025721
2074 -0.054450
2074 -0.055595
2074 -0.018346
2074 -0.050582
2074 -0.009860
2074 -0.034392
2074 -0.061434
2074 -0.032506
2074 -0.040861
2074 -0.034379
2074 -0.040419
2074 -0.026785
2074 -0.026104
2074 -0.016249
2074 0.001807
2074 -0.044350
2074 -0.009596
2074 -0.035023
2074 -0.009511
2074 -0.015479
2074 -0.053547
2074 -0.006114
2074 -0.057616
2074 -0.046609
2074 -0.050493
2074 -0.018903
2074 -0.040092
2074 -0.073161
2074 -0.048563
2074 -0.025189
2074 -0.036481
2074 -0.058517
2074 -0.016702
2074 -0.077957
2074 -0.060106
2074 -0.011198
2074 -0.062261
2074 -0.017977
2074 -0.067367
2074 -0.030378
2074 -0.059690
2074 -0.037387
2074 -0.048718
2074 -0.035901
2074 -0.022945
2074 -0.046350
2074 -0.048856
2074 -0.071598
2074 -0.047271
2074 -0.033004
2074 -0.041255
2074 -0.022205
2074 -0.064307
2074 -0.033250
2074 -0.068276
2074 -0.035787
2074 -0.036162
2074 -0.025460
2074 -0.028869
2074 -0.034901
2074 -0.080518
2074 -0.028455
2074 -0.021346
2074 -0.060897
2074 -0.027252
2074 -0.044873
2074 -0.064815
2074 -0.028943
2074 -0.022416
2074 -0.055180
2074 -0.044955
2074 -0.050388
2074 -0.065339
2074 -0.037372
2074 -0.041051
2074 -0.023465
2074 -0.018910
2074 -0.028412
2074 -0.038192
2074 -0.031669
2074 -0.042365
2074 -0.031104
2074 -0.025260
2074 -0.019849
2074 -0.066983
2074 -0.034393
2074 -0.041966
2074 -0.068035
2074 -0.003233
2074 -0.044522
2074 -0.040787
2074 -0.014251
2074 0.003180
2074 -0.055134
2074 -0.073405
2074 -0.000522
2074 -0.036232
2074 -0.040720
2074 -0.033262
2074 -0.019461
2074 -0.041379
2074 -0.059376
2074 -0.050818
2074 -0.030867
2074 -0.043906
2074 0.001478
2074 -0.034151
2074 -0.067009
2074 -0.032985
2074 -0.070287
2074 -0.049755
2074 -0.026306
2074 -0.062015
2074 -0.047214
2074 -0.033861
2074 -0.022120
2074 -0.028806
2074 -0.028513
2074 -0.050665
2074 -0.024160
2074 -0.072111
2074 -0.067348
2074 -0.067000
2074 -0.042085
2074 -0.053077
2074 -0.032347
2074 -0.066012
2074 -0.061608
2074 -0.018984
2074 -0.053550
2074 -0.032229
2074 -0.014577
2074 -0.033265
2074 -0.036210
2074 -0.052555
2074 -0.047647
2074 -0.003123
2074 -0.061075
2074 -0.050963
2074 -0.048426
2074 -0.031559
2074 -0.036131
2074 -0.049154
2074 -0.030805
2074 -0.065309
2074 -0.026171
2074 -0.041354
2074 -0.009212
2074 -0.017522
2074 -0.035356
2074 -0.035107
2074 -0.052273
2074 -0.046064
2074 -0.030633
2074 -0.021755
2074 -0.042299
2074 -0.039884
2074 -0.041285
2074 -0.043446
2074 -0.039121
2074 -0.027651
2074 -0.055981
2074 -0.034033
2074 -0.037713
2074 -0.057389
2074 -0.037108
2074 -0.033046
2074 -0.025015
2074 -0.042570
2074 -0.036153
2074 -0.012068
2074 -0.080340
2074 -0.040620
2074 -0.022041
2074 -0.075796
2074 -0.040234
2074 -0.018125
2074 -0.034545
2074 -0.085165
2074 0.018898
2074 -0.062919
2074 -0.036558
2074 -0.026130
2074 -0.042363
2074 -0.024423
2074 -0.024482
2074 -0.048653
2074 -0.032957
2074 -0.052120
2074 -0.075251
2074 -0.066091
2074 -0.048560
2074 -0.064311
2074 -0.040283
2074 -0.028572
2074 -0.043172
2074 -0.016180
2074 -0.026378
2074 -0.027262
2074 -0.001413
2074 -0.042309
2074 -0.001267
2074 -0.056178
2074 -0.061181
2074 -0.051715
2074 -0.030908
2074 -0.054296
2074 -0.040992
2074 -0.042955
2074 -0.051664
2074 -0.033596
2074 -0.023974
2074 -0.048572
2074 -0.043150
2074 -0.082161
2074 0.003367
2074 -0.044021
2074 -0.056509
2074 -0.026618
2074 -0.036122
2074 -0.041481
2074 -0.074600
2074 -0.018244
2074 -0.046794
2074 -0.037606
2074 -0.034232
2074 -0.023139
2074 -0.041861
2074 -0.057851
2074 -0.081571
2074 -0.042826
2074 -0.066537
2074 0.005050
2074 -0.055740
2074 -0.055969
2074 -0.058124
2074 -0.022549
2074 -0.055971
2074 -0.006192
2074 -0.034216
2074 -0.041616
2074 0.011492
2074 -0.056070
2074 -0.010209
2074 -0.045684
2074 -0.082581
2074 -0.022703
2074 -0.033781
2074 -0.030722
2074 -0.024167
2074 -0.024729
2074 -0.033439
2074 -0.034148
2074 -0.021825
2074 -0.009524
2074 -0.050503
2074 -0.035878
2074 -0.011726
2074 -0.042200
2074 -0.073965
2074 -0.039968
2074 -0.014405
2074 -0.060987
2074 -0.094845
2074 -0.036682
2074 -0.044214
2074 -0.019011
2074 -0.030115
2074 -0.048233
2074 -0.056602
2074 -0.021665
2074 -0.029365
2074 -0.015080
2074 -0.022218
2074 -0.050870
2074 -0.056386
2074 -0.080575
2074 -0.010023
2074 -0.041347
2074 -0.010877
2074 -0.036269
2074 -0.031112
2074 -0.024067
2074 -0.048993
2074 -0.029923
2074 -0.024971
2074 -0.041617
2074 -0.036480
2074 -0.055688
2074 -0.038700
2074 -0.027720
2074 -0.040826
2074 -0.084573
2074 -0.028239
2074 -0.025977
2074 -0.047241
2074 -0.048411
2074 -0.029093
2074 -0.065873
2074 -0.051991
2074 -0.042170
2074 -0.016040
2074 -0.036387
2074 -0.037324
2074 -0.012556
2074 -0.036330
2074 -0.030633
2074 -0.063925
2074 -0.051713
2074 -0.039101
2074 -0.001448
2074 -0.023186
2074 -0.063257
2074 -0.006338
2074 -0.002936
2074 -0.062386
2074 -0.041463
2074 -0.039560
2074 -0.038227
2074 -0.027929
2074 -0.025660
2074 -0.021482
2074 -0.036527
2074 -0.030940
2074 -0.060695
2074 -0.047807
2074 -0.061777
2074 -0.032194
2074 -0.021299
2074 -0.056057
2074 -0.019917
2074 -0.011067
2074 -0.062643
2074 -0.036368
2074 -0.020595
2074 -0.017247
2074 -0.077765
2074 -0.018803
2074 -0.007863
2074 -0.030261
2074 -0.052974
2074 -0.109414
2074 -0.054343
2074 -0.027621
2074 -0.083378
2074 -0.077609
2074 -0.045830
2074 -0.086906
2074 -0.044529
2074 -0.034368
2074 -0.032475
2074 -0.029939
2074 -0.005816
2074 -0.006690
2074 -0.023617
2074 -0.013178
2074 -0.043178
2074 -0.023641
2074 -0.014417
2074 0.025691
2074 -0.035444
2074 -0.047703
2074 -0.061320
2074 -0.037425
2074 -0.044876
2074 -0.047305
2074 -0.056458
2074 -0.018259
2074 -0.025070
2074 -0.072711
2074 -0.080381
2074 -0.033863
2074 -0.047504
2074 -0.018755
2074 -0.077514
2074 -0.016288
2074 -0.039521
2074 -0.037778
2074 -0.060927
2074 0.015614
2074 -0.058165
2074 -0.074000
2074 -0.041891
2074 -0.012072
2074 -0.014237
2074 -0.055191
2074 -0.053238
2074 -0.045052
2074 -0.070629
2074 -0.062591
2074 -0.038682
2074 -0.055855
2074 -0.014636
2074 -0.053859
2074 -0.000922
2074 -0.083401
2074 -0.021317
2074 -0.046158
2074 -0.051478
2074 -0.018257
2074 -0.065280
2074 -0.056655
2074 -0.060223
2074 -0.037091
2074 -0.011782
2074 -0.038727
2074 -0.031856
2074 -0.046476
2074 -0.048193
2074 -0.020140
2074 -0.033439
2074 -0.044054
2074 -0.039841
2074 -0.042351
2074 -0.045230
2074 -0.032134
2074 -0.036485
2074 -0.033615
2074 -0.037506
2074 -0.013786
2074 -0.048880
2074 -0.040168
2074 -0.027728
2074 -0.051495
2074 -0.038502
2074 -0.036732
2074 -0.031595
2074 -0.044313
2074 -0.040276
2074 -0.025382
2074 -0.043425
2074 -0.037425
2074 -0.022340
2074 -0.068429
2074 -0.038450
2074 -0.032346
2074 -0.051688
2074 -0.006874
2074 -0.011406
2074 -0.026662
2074 -0.025245
2074 -0.045493
2074 -0.072559
2074 -0.047431
2074 -0.000752
2074 -0.037366
2074 -0.067085
2074 -0.010644
2074 -0.061490
2074 -0.049292
2074 -0.015453
2074 -0.048997
2074 -0.044072
2074 -0.025744
2074 -0.044082
2074 -0.040691
2074 -0.037931
2074 -0.037917
2074 -0.054122
2074 -0.034563
2074 -0.010689
2074 -0.051772
2074 -0.015790
2074 -0.048732
2074 -0.029317
2074 -0.061643
2074 -0.060857
2074 -0.037550
2074 -0.050229
2074 -0.046259
2074 -0.027548
2074 -0.033659
2074 -0.043847
2074 -0.026659
2074 -0.027851
2074 -0.026856
2074 -0.045708
2074 -0.009938
2074 -0.039657
2074 -0.034164
2074 -0.039716
2074 -0.019122
2074 -0.038964
2074 -0.037686
2074 -0.026346
2074 -0.038380
2074 -0.037289
2074 -0.085080
2074 -0.080373
2074 -0.048173
2074 -0.046222
2074 -0.048010
2074 -0.047411
2074 -0.105726
2074 -0.063430
2074 -0.039049
2074 -0.044071
2074 0.026848
2074 -0.023637
2074 -0.040942
2074 -0.038243
2074 -0.063630
2074 -0.023383
2074 0.014954
2074 -0.077541
2074 -0.014450
2074 -0.061678
2074 -0.029753
2074 -0.032953
2074 -0.055916
2074 -0.029921
2074 -0.017027
2074 -0.062349
2074 -0.036842
2074 -0.019914
2074 -0.070508
2074 -0.034307
2074 -0.047123
2074 -0.029419
2074 -0.036064
2074 -0.021713
2074 -0.024992
2074 -0.041939
2074 -0.050239
2074 -0.018925
2074 -0.024531
2074 -0.034304
2074 -0.040244
2074 -0.054219
2074 -0.054667
2074 -0.066166
2074 -0.059621
2074 -0.019978
2074 -0.032139
2074 -0.017928
2074 -0.014157
2074 -0.029445
2074 -0.074535
2074 0.006830
2074 -0.043906
2074 -0.040190
2074 -0.038909
2074 -0.027607
2074 -0.035693
2074 -0.077252
2074 -0.051524
2074 -0.043537
2074 -0.042374
2074 -0.045838
2074 -0.029222
2074 -0.036391
2074 -0.018211
2074 -0.020526
2074 -0.040155
2074 -0.035263
2074 -0.025729
2074 -0.034286
2074 -0.071340
2074 -0.010962
2074 -0.066164
2074 -0.060682
2074 -0.061154
2074 -0.063830
2074 -0.046322
2074 -0.057629
2074 -0.020719
2074 -0.088890
2074 -0.052458
2074 -0.053229
2074 -0.026653
2074 -0.008719
2074 -0.036174
2074 -0.046097
2074 -0.031921
2074 -0.039335
2074 -0.077488
2074 -0.036744
2074 -0.003233
2074 -0.073401
2074 -0.019692
2074 -0.044691
2074 -0.037966
2074 -0.065576
2074 -0.037479
2074 -0.019344
2074 -0.033273
2074 -0.014073
2074 0.006819
2074 -0.036902
2074 -0.040868
2074 -0.073924
2074 -0.028509
2074 -0.037582
2074 -0.033852
2074 -0.050586
2074 -0.016464
2074 -0.047507
2074 -0.028738
2074 -0.055203
2074 -0.043908
2074 -0.037378
2074 -0.015570
2074 -0.047610
2074 -0.037110
2074 -0.033693
2074 -0.054609
2074 -0.045283
2074 -0.039473
2074 -0.027793
2074 -0.068599
2074 -0.022083
2074 -0.056426
2074 -0.050230
2074 -0.036179
2074 -0.028427
2074 0.003701
2074 -0.030314
2074 -0.044038
2074 -0.035291
2074 -0.031296
2074 -0.028147
2074 -0.036980
2074 -0.064871
2074 -0.054754
2074 -0.031976
2074 -0.078344
2074 -0.041633
2074 -0.034225
2074 -0.016321
2074 -0.035747
2074 -0.036355
2074 -0.027719
2074 -0.041559
2074 -0.082095
2074 -0.073493
2074 -0.054088
2074 -0.060183
2074 -0.069548
2074 -0.066151
2074 -0.044823
2074 -0.048799
2074 -0.043486
2074 -0.054425
2074 -0.047015
2074 -0.036265
2074 -0.019328
2074 -0.042278
2074 -0.048965
2074 -0.030869
2074 -0.030277
2074 -0.066645
2074 -0.055092
2074 -0.034626
2074 -0.052198
2074 -0.013656
2074 -0.040390
2074 -0.007565
2074 -0.057903
2074 -0.033123
2074 -0.040427
2074 -0.078619
2074 -0.044089
2074 -0.068402
2074 -0.032103
2074 -0.042158
2074 -0.034432
2074 0.016341
2074 -0.029031
2074 -0.027841
2074 -0.024877
2074 -0.025578
2074 -0.043993
2074 -0.036067
2074 -0.032365
2074 -0.034925
2074 -0.037250
2074 -0.036262
2074 -0.037005
2074 -0.045306
2074 -0.039039
2074 -0.038685
2074 -0.051896
2074 -0.047363
2074 -0.028788
2074 -0.051560
2074 -0.053605
2074 -0.071476
2074 -0.065765
2074 -0.055709
2074 -0.037155
2074 -0.036818
2074 -0.048380
2074 -0.021947
2074 -0.054566
2074 -0.028830
2074 -0.012101
2074 0.006381
2074 -0.020949
2074 -0.051535
2074 -0.023101
2074 -0.072261
2074 -0.040879
2074 -0.057892
2074 -0.050548
2074 -0.006287
2074 -0.059670
2074 -0.055306
2074 -0.075123
2074 -0.084240
2074 -0.074677
2074 -0.033599
2074 -0.056626
2074 -0.033162
2074 -0.023547
2074 0.003837
2074 -0.024889
2074 -0.019305
2074 -0.052750
2074 -0.054818
2074 -0.022246
2074 -0.057681
2074 -0.026698
2074 -0.059035
2074 -0.034010
2074 -0.039002
2074 -0.047550
2074 -0.032623
2074 -0.055581
2074 -0.019716
2074 -0.047920
2074 -0.054006
2074 -0.029038
2074 -0.019986
2074 -0.034244
2074 -0.025612
2074 -0.025012
2074 -0.024815
2074 -0.033991
2074 -0.036653
2074 -0.068609
2074 -0.040037
2074 -0.024808
2074 -0.076164
2074 -0.071572
2074 -0.022503
2074 -0.021895
2074 -0.009982
2074 -0.027871
2074 -0.009150
2074 -0.010628
2074 -0.034014
2074 -0.026351
2074 -0.024646
2074 -0.081421
2074 -0.034632
2074 -0.057917
2074 -0.073632
2074 -0.037235
2074 -0.021728
2074 0.001542
2074 -0.033147
2074 -0.029491
2074 -0.040251
2074 -0.069660
2074 -0.022322
2074 -0.038056
2074 0.007778
2074 -0.063077
2074 -0.028338
2074 -0.024780
2074 -0.037136
2074 -0.033616
2074 -0.034235
2074 0.004070
2074 -0.057425
2074 -0.075995
2074 -0.072333
2074 -0.072220
2074 -0.053660
2074 -0.028755
2074 -0.046282
2074 -0.069515
2074 -0.034488
2074 -0.008988
2074 -0.025560
2074 -0.063161
2074 -0.017441
2074 -0.024149
2074 -0.063861
2074 -0.048148
2074 -0.064081
2074 -0.027785
2074 -0.027464
2074 -0.021458
2074 -0.031571
2074 -0.044561
2074 -0.025858
2074 -0.051625
2074 -0.020298
2074 -0.026522
2074 -0.019127
2074 -0.026814
2074 -0.031756
2074 -0.011681
2074 -0.040918
2074 -0.029490
2074 -0.023298
2074 -0.055619
2074 -0.040860
2074 -0.027745
2074 -0.047265
2074 -0.038197
2074 -0.037718
2074 -0.057306
2074 -0.067870
2074 -0.035607
2074 -0.027836
2074 -0.010353
2074 -0.041136
2074 -0.048020
2074 -0.045291
2074 -0.090691
2074 -0.061723
2074 -0.036493
2074 -0.019757
2074 -0.046696
2074 -0.043653
2074 -0.046666
2074 -0.029016
2074 -0.035817
2074 -0.031545
2074 -0.030355
2074 -0.028166
2074 -0.001339
2074 -0.054986
2074 -0.047664
2074 -0.028879
2074 -0.055704
2074 -0.032872
2074 -0.049884
2074 -0.043828
2074 -0.069450
2074 -0.035903
2074 -0.039286
2074 -0.001276
2074 -0.010319
2074 -0.026695
2074 -0.039436
2074 -0.031356
2074 -0.073492
2074 -0.072157
2074 0.000634
2074 -0.018462
2074 -0.038104
2074 -0.031259
2074 -0.029471
2074 -0.054825
2074 -0.035233
2074 -0.075278
2074 -0.007032
2074 -0.055194
2074 -0.060449
2074 -0.041799
2074 -0.035091
2074 -0.063972
2074 -0.041973
2074 -0.056967
2074 -0.027776
2074 -0.035844
2074 -0.049453
2074 -0.040759
2074 0.002375
2074 -0.058661
2074 -0.025142
2074 -0.069377
2074 -0.048164
2074 -0.039218
2074 -0.039485
2074 -0.030692
2074 -0.051820
2074 -0.036680
2074 -0.017441
2074 -0.047872
2074 -0.029007
2074 -0.040165
2074 -0.034027
2074 -0.038811
2074 -0.043875
2074 0.010727
2074 -0.069895
2074 -0.027294
2074 -0.069846
2074 -0.040308
2074 -0.027983
2074 -0.041078
2074 -0.020487
2074 -0.068721
2074 -0.043836
2074 -0.077367
2074 -0.003726
2074 -0.065359
2074 -0.014543
2074 -0.055961
2074 -0.010288
2074 0.022606
2074 -0.056220
2074 -0.071643
2074 0.002337
2074 -0.052138
2074 -0.057688
2074 -0.032837
2074 -0.049858
2074 -0.047267
2074 -0.039157
2074 -0.043953
2074 -0.057096
2074 -0.051104
2074 -0.050159
2074 -0.035498
2074 -0.029508
2074 -0.047391
2074 -0.043566
2074 -0.019017
2074 -0.034860
2074 -0.057773
2074 -0.030351
2074 -0.032038
2074 -0.053869
2074 -0.069600
2074 0.006947
2074 -0.045154
2074 -0.035567
2074 -0.025033
2074 0.000130
2074 -0.035889
2074 -0.001175
2074 -0.040836
2074 -0.006065
2074 -0.073501
2074 -0.078937
2074 -0.075887
2074 -0.075489
2074 -0.073242
2074 -0.039449
2074 -0.039563
2074 -0.048343
2074 -0.042680
2074 -0.033314
2074 -0.034703
2074 -0.031899
2074 -0.033519
2074 -0.031649
2074 -0.036100
2074 -0.026412
2074 -0.005485
2074 -0.035003
2074 -0.033492
2074 -0.033315
2074 -0.050741
2074 -0.015944
2074 -0.065732
2074 -0.052529
2074 -0.049103
2074 -0.049728
2074 -0.025009
2074 -0.056439
2074 -0.104110
2074 -0.039829
2074 -0.042704
2074 -0.007415
2074 -0.041292
2074 -0.056135
2074 -0.056973
2074 -0.012590
2074 -0.015285
2074 -0.044274
2074 -0.013637
2074 -0.053833
2074 -0.036977
2074 -0.010805
2074 -0.046598
2074 -0.016009
2074 -0.027854
2074 -0.034989
2074 -0.062308
2074 -0.085789
2074 -0.044570
2074 -0.045534
2074 -0.034962
2074 -0.019869
2074 -0.056917
2074 -0.050656
2074 -0.040254
2074 -0.046375
2074 0.001948
2074 -0.085718
2074 -0.051839
2074 -0.046588
2074 -0.031586
2074 -0.052758
2074 -0.036866
2074 -0.004916
2074 -0.062205
2074 -0.041682
2074 -0.079441
2074 -0.022564
2074 -0.036205
2074 -0.018558
2074 -0.082117
2074 -0.065710
2074 -0.068967
2074 -0.017173
2074 -0.041633
2074 -0.049802
2074 -0.027714
2074 -0.032250
2074 -0.043478
2074 -0.039024
2074 -0.042828
2074 -0.034019
2074 -0.007376
2074 -0.029108
2074 -0.074589
2074 -0.053100
2074 -0.036883
2074 -0.043251
2074 -0.027884
2074 -0.034059
2074 0.020801
2074 -0.029720
2074 -0.048041
2074 -0.011146
2074 -0.031174
2074 -0.015479
2074 -0.013926
2074 -0.031248
2074 -0.050426
2074 -0.043307
2074 -0.043080
2074 -0.038442
2074 -0.022756
2074 -0.042878
2074 -0.049493
2074 -0.028920
2074 -0.044206
2074 -0.007724
2074 -0.026919
2074 -0.048322
2074 -0.055141
2074 -0.040638
2074 -0.034119
2074 -0.028662
2074 -0.033252
2074 -0.063428
2074 -0.056234
2074 -0.045248
2074 -0.000104
2074 -0.040851
2074 -0.047260
2074 -0.004204
2074 -0.025029
2074 -0.014044
2074 -0.048882
2074 -0.006801
2074 -0.060237
2074 -0.038879
2074 -0.027338
2074 -0.035193
2074 -0.023039
2074 -0.068269
2074 -0.017332
2074 -0.062821
2074 -0.026676
2074 -0.053208
2074 -0.035645
2074 -0.027371
2074 -0.028455
2074 -0.043201
2074 -0.076393
2074 -0.048315
2074 -0.023137
2074 -0.031463
2074 -0.064691
2074 -0.061586
2074 -0.026835
2074 -0.011746
2074 -0.045951
2074 -0.029918
2074 -0.032426
2074 -0.059198
2074 -0.053291
2074 -0.060672
2074 -0.060465
2074 -0.026392
2074 -0.015787
2074 -0.074846
2074 -0.032371
2074 -0.031073
2074 -0.025741
2074 -0.032837
2074 -0.031531
2074 -0.028703
2074 -0.045934
2074 -0.081968
2074 -0.014157
2074 -0.031288
2074 -0.070896
2074 -0.061700
2074 -0.017935
2074 -0.029547
2074 -0.032454
2074 -0.022278
2074 -0.033736
2074 -0.008188
2074 -0.040778
2074 -0.080654
2074 -0.028648
2074 -0.072930
2074 -0.017504
2074 -0.083673
2074 -0.034822
2074 -0.024311
2074 -0.069499
2074 -0.033120
2074 -0.015537
2074 -0.022933
2074 -0.054533
2074 -0.019378
2074 -0.028134
2074 -0.052374
2074 -0.002872
2074 -0.029723
2074 -0.059172
2074 -0.035081
2074 -0.072711
2074 -0.054206
2074 -0.012617
2074 -0.040578
2074 -0.055428
2074 -0.032597
2074 -0.025398
2074 -0.067572
2074 -0.068002
2074 -0.062637
2074 -0.070816
2074 -0.037911
2074 -0.032879
2074 -0.030517
2074 -0.044939
2074 -0.042789
2074 -0.032166
2074 -0.017174
2074 -0.018879
2074 -0.040633
2074 -0.035286
2074 -0.067878
2074 -0.036999
2074 -0.030282
2074 -0.045203
2074 -0.059740
2074 -0.053537
2074 -0.046719
2074 -0.018817
2074 -0.051452
2074 -0.047504
2074 -0.014820
2074 -0.012695
2074 -0.023519
2074 -0.050977
2074 -0.060185
2074 -0.020973
2074 -0.027399
2074 -0.043121
2074 0.000565
2074 -0.056320
2074 -0.021421
2074 -0.033427
2074 -0.032118
2074 -0.062994
2074 -0.021664
2074 -0.042920
2074 -0.067079
2074 -0.037035
2074 -0.049287
2074 -0.043373
2074 -0.036802
2074 0.000443
2074 -0.050966
2074 -0.026985
2074 -0.023046
2074 -0.036245
2074 -0.019528
2074 -0.114633
2074 -0.048312
2074 -0.031760
2074 -0.069151
2074 -0.045177
2074 -0.040573
2074 -0.016447
2074 -0.041036
2074 -0.037518
2074 -0.037391
2074 -0.026557
2074 -0.053423
2074 -0.049198
2074 -0.014501
2074 -0.038359
2074 -0.043276
2074 -0.036694
2074 -0.036834
2074 -0.027301
2074 -0.036423
2074 -0.043960
2074 -0.056007
2074 -0.029303
2074 -0.044856
2074 -0.027000
2074 -0.041129
2074 -0.031826
2074 -0.021081
2074 -0.012511
2074 -0.030462
2074 -0.052517
2074 -0.054096
2074 -0.056528
2074 -0.068166
2074 -0.032939
2074 -0.033566
2074 -0.025358
2074 -0.070092
2074 -0.028538
2074 -0.060016
2074 -0.021799
2074 -0.017182
2074 -0.054617
2074 -0.013945
2074 -0.038480
2074 -0.027813
2074 -0.033005
2074 -0.037423
2074 -0.018758
2074 -0.024517
2074 -0.058448
2074 -0.068701
2074 -0.000178
2074 -0.016851
2074 -0.027872
2074 -0.038141
2074 -0.001386
2074 -0.028339
2074 -0.026690
2074 -0.039050
2074 -0.036193
2074 -0.036177
2074 -0.029153
2074 -0.022367
2074 -0.043637
2074 -0.000956
2074 -0.055483
2074 0.005320
2074 -0.027982
2074 -0.046016
2074 -0.044888
2074 -0.039176
2074 -0.044148
2074 -0.081797
2074 -0.031101
2074 -0.039244
2074 -0.033122
2074 -0.056492
2074 -0.021593
2074 -0.044583
2074 -0.046624
2074 -0.057294
2074 -0.003584
2074 -0.040594
2074 -0.036891
2074 -0.067454
2074 -0.026423
2074 -0.031327
2074 -0.045137
2074 -0.035452
2074 0.010446
2074 -0.038687
2074 -0.032254
2074 -0.057488
2074 -0.007596
2074 -0.078759
2074 -0.056190
2074 -0.081587
2074 -0.033382
2074 -0.006321
2074 0.012940
2074 -0.022816
2074 -0.044277
2074 -0.051627
2074 -0.043154
2074 -0.039567
2074 -0.018242
2074 -0.034225
2074 -0.025563
2074 -0.050681
2074 -0.015266
2074 -0.026267
2074 -0.035414
2074 -0.034672
2074 -0.039791
2074 -0.060334
2074 -0.032838
2074 -0.011808
2074 -0.065115
2074 -0.054822
2074 -0.027871
2074 -0.062228
2074 -0.019485
2074 -0.059340
2074 -0.018888
2074 -0.043506
2074 -0.051763
2074 -0.066522
2074 -0.037755
2074 0.005820
2074 -0.019876
2074 -0.031494
2074 -0.036193
2074 -0.032784
2074 -0.049396
2074 -0.036171
2074 -0.062493
2074 -0.031299
2074 -0.032992
2074 -0.048739
2074 -0.012198
2074 -0.043661
2074 -0.026469
2074 -0.029713
2074 -0.030541
2074 -0.070443
2074 -0.021893
2074 -0.084197
2074 -0.044222
2074 -0.044871
2074 -0.027069
2074 -0.009764
2074 -0.028949
2074 -0.036326
2074 -0.041591
2074 -0.043790
2074 -0.050111
2074 -0.019196
2074 -0.008388
2074 -0.026131
2074 -0.018438
2074 -0.038575
2074 -0.044988
2074 -0.045411
2074 -0.035121
2074 -0.050635
2074 -0.043745
2074 -0.058983
2074 -0.031916
2074 -0.025347
2074 -0.037583
2074 -0.012631
2074 -0.023258
2074 -0.037290
2074 -0.055567
2074 -0.015815
2074 -0.040299
2074 -0.055390
2074 -0.037755
2074 -0.023819
2074 -0.038902
2074 -0.025944
2074 -0.055974
2074 -0.068731
2074 -0.020954
2074 -0.038797
2074 -0.033462
2074 -0.046581
2074 -0.037054
2074 -0.070255
2074 -0.089585
2074 -0.044217
2074 -0.021764
2074 -0.031378
2074 -0.040009
2074 -0.053587
2074 -0.037758
2074 -0.056678
2074 -0.080600
2074 -0.058369
2074 -0.023778
2074 -0.020715
2074 -0.023698
2074 -0.019590
2074 -0.032829
2074 -0.034450
2074 -0.033794
2074 -0.042947
2074 -0.029268
2074 -0.040332
2074 -0.036825
2074 -0.034724
2074 -0.038231
2074 -0.043692
2074 -0.048424
2074 -0.045541
2074 -0.046252
2074 -0.062467
2074 -0.063045
2074 -0.063173
2074 -0.036079
2074 -0.068329
2074 -0.012929
2074 -0.022040
2074 0.000619
2074 -0.020004
2074 -0.024443
2074 -0.027490
2074 -0.035012
2074 -0.039061
2074 -0.040102
2074 -0.042823
2074 -0.044509
2074 -0.045966
2074 -0.043295
2074 -0.036390
2074 -0.031546
2074 -0.064015
2074 -0.067742
2074 -0.031310
2074 -0.074971
2074 -0.035294
2074 -0.001473
2074 -0.030091
2074 -0.030697
2074 -0.034836
2074 -0.038270
2074 -0.041902
2074 -0.043495
2074 -0.036930
2074 -0.034140
2074 -0.034716
2074 -0.035985
2074 -0.031741
2074 -0.031799
2074 -0.042098
2074 -0.061076
2074 -0.043149
2074 -0.087963
2074 -0.041801
2074 -0.056533
2074 -0.076239
2074 -0.052862
2074 -0.025302
2074 -0.032808
2074 -0.011793
2074 -0.009299
2074 -0.039286
2074 -0.051135
2074 -0.028102
2074 -0.056892
2074 -0.074039
2074 -0.066811
2074 -0.016444
2074 -0.042584
2074 -0.031632
2074 -0.015609
2074 -0.027607
2074 -0.079874
2074 -0.043908
